3737
0
6674
5162
21043
1486
71250
64946
39300
38606
46968
10731
58230
70330
17006
23484
74140
46158
61030
1252
37737
23
18317
34110
40818
4803
75037
45595
52446
39171
18257
26308
28403
13986
49575
55875
31049
69934
19969
68694
7629
53552
47075
4207
59048
54962
24307
47353
66192
17380
76711
42512
50952
18521
31407
48344
64709
71829
62002
44247
69246
9289
57799
62689
2283
11324
17857
23096
43708
38207
36205
10674
53238
78388
29913
11279
44523
79201
21863
78450
5781
51424
64874
24926
22650
5025
38652
49139
66116
35826
29856
71207
40387
7739
13050
29483
55358
31162
70242
49477
69768
9533
79932
35750
67117
47818
26914
35148
2762
3460
37418
49263
52264
7575
37903
49113
4802
19226
27874
16687
8196
27971
47843
70913
75436
68617
42521
30919
29810
64659
108
76799
79407
72927
4528
54159
50543
41997
33154
10375
35332
48581
26284
69856
17255
23993
13426
21765
61977
10041
79674
12439
2678
41517
23665
3741
40369
56384
38216
55621
56838
69847
23804
28602
60957
77032
62611
78543
48964
23979
56528
9368
28591
25945
9244
23999
70254
5477
65965
7663
76314
13129
22998
67889
46521
35755
24536
48256
47148
5552
46947
31649
15523
1846
50499
49621
43079
12790
45162
70104
25468
79952
22207
17506
42993
44184
35960
72926
35871
54966
16200
33879
23507
49652
41697
16804
49722
55758
34162
29289
28394
69985
36059
40067
68500
11701
4010
77859
52313
44302
24874
55052
21961
42035
35608
12680
17669
9232
17954
57791
67064
62346
15699
26171
13614
49823
28214
43716
40742
5959
53426
14847
71461
44940
20039
39259
30537
41252
35156
45182
12503
51674
21891
18661
42778
58530
36108
4851
47321
41754
51042
39824
23444
40314
37042
74147
52143
44360
40180
25515
65765
61743
32907
13990
15091
11650
73828
63567
79593
16442
63883
35466
75555
16504
25432
26450
30580
63373
50712
54638
56404
76722
53427
79654
39714
55116
50131
17989
67903
19229
71571
7193
49466
45845
53242
76530
22280
7489
8901
24811
48231
27742
49961
67370
49059
77340
5311
48702
3108
47184
54756
32918
34290
13135
30587
39344
50563
20367
67050
56510
1304
31348
1981
46638
33526
35604
45193
13002
45082
7125
47889
67327
28500
61317
58368
50068
223
28242
13576
29176
27515
55837
37715
43398
42671
49125
65607
17739
37902
40748
32308
68497
51147
52592
26867
78119
51638
40906
43291
28498
26054
49347
39878
55501
78452
44260
24504
30478
77134
63510
21530
43631
64543
71080
23039
57047
4915
37631
27828
39155
57856
53800
16000
18876
38803
45008
36527
56871
59198
55094
3372
47687
29972
74270
8843
42653
21128
5862
14013
59526
14211
63322
57676
4294
13159
1830
48973
54900
68499
3864
16663
779
34335
70412
8895
72125
36070
6437
51369
15453
50142
3407
56206
61301
35624
3790
29705
42495
25683
35908
32976
26458
71998
22758
52745
31601
1380
60019
79688
38790
13728
67423
76608
47483
65669
79607
16714
70140
59031
42343
58153
58446
78050
79508
79303
19429
39546
68492
3794
70720
69065
20056
43769
63380
65991
23003
42860
39576
32448
53608
20929
52655
25414
32480
42105
8078
22674
29372
53101
15254
5253
65172
44248
64506
43270
71654
52513
20157
36667
3667
75085
34890
53273
35207
75422
37396
10315
41567
79652
45665
51062
9241
24276
67728
30882
30918
63463
61456
16424
71488
27077
26880
62161
22623
79319
68253
26654
34970
54041
20003
10406
62955
72357
31959
35856
23588
19365
40893
30274
54899
235
30187
1645
51771
79899
49690
30198
27307
64419
50691
79691
56809
1398
42791
75142
10031
20463
4476
72467
18964
46856
30472
62356
71376
57391
20238
74478
14050
62967
21168
31574
36181
38597
31820
62325
9176
50035
13819
41732
18079
38350
71290
79528
47068
21390
12351
36393
36719
75195
8372
34489
36867
54967
40960
44906
64610
42589
56198
66450
24343
36107
37837
11385
432
44537
28584
13509
57995
59787
11364
2364
40826
72378
66299
42515
27141
4240
47817
46697
29105
7400
31961
36869
53633
20755
35561
29207
12652
54098
39462
68188
68655
66278
70467
13929
41980
12397
66207
25262
77885
1013
64687
78728
28479
71624
65369
89
50170
17994
48392
40670
76476
1113
40754
71156
14991
34200
42900
65147
26058
70980
65381
79444
5572
69551
59619
72532
79755
52226
18384
31187
43073
53803
18791
54514
47887
63565
26087
79700
13624
29661
37829
69577
61175
78173
63976
52620
49818
21030
808
1725
55819
56243
13515
32116
59840
44919
58227
16534
12148
62452
60231
1426
11834
35127
51099
47226
61520
16550
63767
47857
7501
75831
14251
25252
3083
75026
6809
61492
66315
36917
342
13027
24588
70754
1931
32670
47084
79574
35410
27148
57208
35221
48254
22738
16986
30591
60024
75557
48686
71140
72271
73548
14113
7816
63729
50324
1099
42341
26348
55528
35650
73003
55416
46487
78704
58074
14974
17338
70984
11594
2432
7807
62908
63819
276
70700
60298
38648
55991
60112
9398
47679
8306
5516
70901
25121
46340
71081
16211
11561
3518
17067
57867
65810
10842
25316
59037
39298
19370
34595
35899
55027
46493
45471
51559
43697
812
42912
57110
66818
16991
5899
40505
53330
32186
32461
51194
70430
49063
57254
18161
12549
73767
79480
26077
64689
71056
47220
17376
53184
41996
6373
50681
21072
8492
13382
47265
76169
58604
8402
56916
29753
45686
74503
15630
11954
8253
76362
12173
55474
69024
47598
41846
7131
13338
76347
65032
54233
57061
69140
49855
74570
671
53781
70075
53447
44852
10957
58769
54354
73797
29548
20289
52530
16254
72860
13583
37420
76464
65865
75461
36475
20732
52008
71444
7935
63956
42642
19506
524
52659
45717
12286
75807
36556
74951
11315
7287
30494
55848
72058
14374
68892
30788
74262
58628
6703
3107
52940
10356
36048
7159
62509
8569
39207
37539
58103
45626
32804
39916
34650
36585
72768
24310
15690
64876
33035
9265
69168
51955
53884
10796
62395
9729
13563
18906
35396
42981
13639
25327
21543
59766
56257
37342
75918
51631
62664
49674
17521
48363
926
54472
13474
66039
6164
55665
23692
66828
26493
74901
8280
5041
18196
28247
55572
5415
5801
53325
32725
30548
17108
38588
76255
13197
9344
61118
43370
29719
7842
61349
12933
7578
72208
50505
7763
28435
39034
16579
46597
74234
64742
44446
39084
8215
52703
7675
24765
22152
50085
27562
76621
77017
54528
53726
64633
6480
72492
28705
61358
3437
39345
5705
39624
50642
10328
37618
23337
54615
28027
29951
13744
51496
32525
29411
33838
27413
52229
66805
28516
31192
35734
71007
40409
78856
79706
78977
52208
38632
53517
17886
57747
46237
46685
2247
52456
33440
53962
39853
65508
51331
27449
50101
59447
6692
38750
1295
11306
46572
40252
74019
36796
63892
49954
5174
33632
7883
48316
8440
67806
67892
33142
61397
11281
42870
30299
70239
30669
47206
12495
57037
35285
71120
39743
60132
550
57227
67959
32456
15573
14637
57708
49401
53288
73205
42393
21766
2081
27457
66738
19873
6313
52449
46762
6172
61562
2551
70563
73448
62262
19998
31230
66386
54093
57294
63526
25397
39699
26601
16019
6844
6129
23500
12895
54016
14122
46026
43047
61412
44954
25626
56573
76908
78100
34293
15793
28335
37258
13037
25672
2550
69365
12506
12720
79821
69903
28227
7113
18479
16896
142
31483
71484
20853
44409
68213
1264
65877
49828
56552
48075
23772
16731
43184
33949
1217
4656
37298
51258
28664
40974
13722
10478
41031
49844
33031
76007
3148
8187
67675
1895
59139
68985
37278
55120
4288
37579
54873
52796
54398
79723
20743
25551
21831
59644
43386
62103
47020
29628
39453
66801
77232
7996
49963
53024
33338
7590
57080
2817
77887
23677
454
24960
31660
21658
61796
11108
63515
27392
31006
37611
10002
28172
24456
53020
59450
46565
69996
74935
8168
30559
2025
9078
2142
27179
10183
53174
33299
62666
46199
28280
66387
42166
44519
17421
56249
49856
45716
573
64776
57373
20016
61724
29550
51272
36519
59494
12850
74448
70384
69590
3497
15504
38924
45169
75383
68668
35621
30876
65403
47333
48534
45910
28041
25288
59151
30500
41525
51787
38889
79200
22645
15188
61493
53157
56134
64092
1267
60397
57751
11681
47742
26870
48421
71541
3472
45030
51204
58249
6712
46335
21188
70451
295
76569
28270
71567
74198
77781
4820
23736
21437
35447
56330
18838
5501
78040
21171
31887
64636
24902
79247
39819
51500
31777
64919
47747
43489
54925
56052
70536
103
77328
45393
65913
33012
67789
19302
48548
20261
31654
61251
60502
14661
73989
61449
66064
46086
59720
78285
8046
17075
50591
51540
16603
30296
49061
11159
35493
71959
51965
65644
26666
41615
56674
41147
28842
63384
45097
46342
70376
24202
35832
12762
26399
38336
20399
74720
28933
43271
37914
79972
31934
65647
321
66690
48269
18235
20803
31213
10779
27169
44644
53742
291
58047
73917
12986
14222
19020
9007
69420
70455
71273
65867
2607
20503
14545
7872
49090
72862
18090
72180
16888
1892
8324
9568
24360
49007
22729
63077
31328
7761
74048
67973
9901
8560
32599
53121
50345
20087
74316
36738
43334
14372
11491
30873
35486
31335
69366
48890
1265
53209
54220
74754
2029
11485
52983
27957
9648
10169
47545
10642
43747
41579
70637
26950
21555
11067
55434
13717
64023
15639
63001
6364
57413
70950
54379
21545
74460
68744
23949
55790
5006
32175
50727
20189
64167
16053
20221
64966
40630
30106
61332
5952
57668
11887
19408
69550
37713
55430
51061
17671
21600
73461
60380
79204
62480
2890
51698
73168
55860
30483
1552
76498
76099
55018
60950
56910
69754
74950
60131
77384
48820
18000
32891
73300
56790
38692
27529
70477
59790
18543
54761
10282
36439
77379
33800
58917
38560
57406
26256
25674
7514
48086
9998
55809
14090
75435
26611
51050
72185
70824
38885
53524
46172
40658
48136
21107
22439
61933
59133
48059
14744
12166
42686
35656
25078
34444
13253
44527
26158
61773
39165
2255
6225
67051
19715
76226
66958
21182
43176
18875
72060
75350
66718
14143
63671
49976
77198
38333
55043
66461
15285
77798
12477
55698
444
36895
45317
56984
8028
9673
47494
39355
30113
41328
1233
25195
43100
57586
22985
14972
35121
67119
29617
16059
55347
32391
34175
42227
14352
58190
78306
47530
7569
73415
74036
62539
79545
43541
46928
73534
61507
22593
22728
36952
14321
65061
75441
20260
1463
14254
34423
79689
47724
24564
35557
69274
71692
44699
9478
10587
32254
3358
65578
45674
63592
13901
48573
12373
78562
8926
14470
26400
5685
38085
26926
488
65169
37912
53995
47656
45495
37317
73743
28535
10055
44346
51512
47780
29738
63709
2373
44925
64153
21641
35058
20878
47955
43458
30705
25119
62478
53463
6439
36409
66851
68001
15115
1232
22362
65747
51803
65329
6032
19784
23655
72508
40719
21448
38125
38097
48321
47909
74475
56164
15200
30209
34837
16481
11839
56542
54599
20107
38549
47716
36340
73489
23975
73047
73424
27340
78913
62582
48209
29552
60815
49144
40229
63755
66399
7571
26734
62956
32245
57500
58203
54766
44162
2000
29656
9184
60569
1729
16848
62492
71768
68110
57217
75746
63367
57375
10170
25371
19336
31200
55901
53310
58398
67428
39131
69787
27407
75108
11271
66887
68676
64503
56693
73479
43452
68279
44194
42219
19712
41783
65181
25613
14924
33712
16839
8935
3392
38412
44678
54851
8858
39588
16089
29626
52718
65413
4721
42380
19185
23089
24527
73655
58789
20374
39381
68635
50511
35287
3320
65639
3242
7703
65272
35130
61261
59568
56181
46187
53300
1671
23563
51922
4304
31120
67843
63224
50271
24098
15381
45747
22958
9268
30520
4051
39858
41898
23470
43499
13213
53383
29671
75680
33093
42260
68106
41556
35097
36007
46631
10985
50665
33131
21834
28912
30380
9795
57079
42662
78605
57115
55684
31101
63832
3284
60201
1964
33228
72377
54700
23268
70146
25966
63388
22337
9297
36318
49922
47589
46377
62830
49193
6615
36230
30800
29295
11564
35860
34785
29921
13554
41282
45017
12472
1992
6260
35804
64507
55002
25828
66939
78304
27548
3595
54774
67422
47623
60565
66528
51235
42850
67726
73919
71695
5486
58114
38131
48444
78813
7684
64620
16455
72439
54694
41764
1435
37031
60739
29360
60997
24097
62149
68078
58267
57247
15519
68642
79212
29313
56274
62159
51072
47688
42615
39323
42678
16129
52460
40211
63331
53379
3065
51092
4672
9625
73916
52350
73622
1629
62121
10194
76613
45404
72401
9281
7138
48213
33510
15655
61811
22786
66950
7332
32680
71762
10442
17232
72746
35830
6326
37688
66097
15689
8487
78349
38757
31536
36419
13329
33389
53807
20666
27855
23476
59873
73589
57528
53223
17321
26196
11196
2355
25484
11043
65170
36892
14407
44499
47934
63768
79642
8923
79690
41152
5846
18999
33844
33152
7641
31510
57674
64552
1085
17228
37778
40624
79994
12381
68166
20913
56112
4199
69221
39054
48153
21635
53058
64504
62417
50339
76555
37006
20826
78862
28929
32837
17109
8540
49093
9929
64554
28942
53964
31855
34575
17424
56690
6997
52779
37493
70016
22155
69788
40932
38738
48882
10614
28773
27133
4179
44879
54530
76813
38864
16853
13759
35771
78555
38417
1332
12738
2564
14785
60543
60489
70891
48486
7458
67646
2812
79203
76940
16259
6514
54273
40690
6529
2393
16763
47140
30312
26419
20864
55374
56352
635
36372
40548
65932
29915
48553
50855
22495
55775
5571
14982
2165
14620
21750
24622
28163
24318
73108
72955
2706
50547
15500
9951
44250
16123
72116
59282
34247
29503
46657
65982
22250
54647
38475
53766
52719
56733
42693
68173
9864
21849
2139
60929
10780
44793
53231
59506
32668
15113
77545
17358
50092
15121
29699
40478
22446
43113
30098
9822
76479
74018
38358
54258
10477
51349
959
66459
54376
10981
62223
61237
50165
16585
25887
70805
69655
30181
6937
8431
13424
41773
30942
66486
54329
36023
14831
60322
12849
42369
63027
29309
49050
1025
7329
5937
73562
14478
65759
26963
16157
10749
19341
44158
13140
8924
29989
30152
63685
22730
26607
54763
22642
39
70373
63024
70904
17426
33405
16743
10303
78054
47815
46510
57684
57756
67322
5172
72529
49431
4883
69076
62042
5652
12951
6504
27894
3504
59355
10065
18924
19384
71712
29807
1357
55825
72101
39407
486
29691
39252
283
31097
34331
10143
54342
32846
64084
64938
25757
62858
28867
67232
6077
1491
56632
17440
58706
13890
14791
5115
59073
45950
64882
14940
44664
29152
2834
57207
8259
67698
15555
10010
25855
3452
28821
26343
40296
10676
39504
24125
26456
57354
11538
30017
66059
39693
7243
60210
76425
29410
54146
19977
25944
7210
77481
34464
24100
7673
58525
402
13033
76846
77652
63118
37816
16268
18087
66654
43881
14942
18825
21054
41856
6333
73258
77659
69785
20805
45166
4113
23698
25050
61308
37256
15547
29354
16842
78087
68969
53269
51528
41876
2274
57829
8749
25821
17283
21126
40218
22514
14875
43656
71518
59581
71774
48770
39712
40785
19625
71486
73505
47464
51946
70917
6429
32215
32426
22784
54441
77230
7232
4061
7602
67900
41751
59592
20855
73440
25999
60005
36073
24399
69538
10555
22283
6414
17705
35251
4957
76030
46982
47386
190
1547
6668
16443
1770
48875
19109
46378
35623
65567
79872
79648
9799
33733
63547
16868
76351
9976
48073
36101
59875
30685
55216
57981
31314
62638
17434
22530
7141
79490
56752
17305
29654
58841
5279
51402
64249
15750
29795
27563
59149
65828
52487
16471
33487
22695
78490
75975
49625
56881
7592
9215
7330
58082
45118
51427
19218
6391
54166
79976
56175
76544
10931
73444
44293
22187
20957
26670
74652
30188
56442
72097
379
13985
857
58614
18953
4532
53425
69005
11139
4580
36914
32567
4514
11226
13301
54636
50255
6272
52800
39707
16826
61289
71496
51884
44206
16519
72184
70718
72502
24057
63134
4414
56813
32499
39730
55073
39534
14957
61472
24556
41943
56936
33219
25520
3013
37770
30417
63757
26179
11617
49533
62202
3024
41423
3701
1680
29440
15709
21879
30234
72049
2198
32355
79565
18724
56658
23224
11422
67511
13305
45050
8721
74891
78033
2830
64890
74108
17177
63142
11277
2034
15661
5181
26311
11109
41341
43700
26741
67820
18688
27290
38385
2157
53944
3410
28555
11736
54735
78761
30571
51514
64772
21276
4302
57513
47506
60406
26355
29438
68868
62852
21823
31071
78654
63103
48041
28894
37412
2845
32737
22120
43427
43912
55511
26505
42956
55161
30501
30780
47820
24955
2067
15638
39525
54984
34671
56456
15479
1523
40344
8404
67080
49567
49620
52256
24261
37996
63793
54560
63097
29592
53304
74425
11604
48545
19059
45544
2615
14613
52070
19021
42336
79511
17634
70520
63318
32403
46930
43394
14797
77584
50445
29468
77092
1694
67556
74753
52363
42048
44778
35828
20848
72800
3327
13010
49850
33968
43443
47896
74962
28307
26626
11983
31132
75886
2015
27239
54525
63936
21058
76532
38719
10669
60536
71971
38452
68415
56670
49507
12946
35171
433
507
14954
59232
10382
40745
8416
76725
4703
56817
44614
15834
79088
26338
13551
70217
65725
53418
37482
28852
4852
15430
17919
72947
39618
71261
10463
79578
78058
38390
67765
55765
45321
72468
19843
18073
3328
12067
5345
79630
6216
67810
12988
44382
75095
51816
2924
63199
13673
78159
64285
48455
6451
63743
11319
50942
12436
54503
66344
33451
66044
57437
23815
1515
62297
72867
19241
70105
60233
15025
15759
36431
78061
16323
34361
74774
32622
72024
47442
28155
28625
39879
72433
50322
25694
12816
68624
35943
76808
74601
43410
65462
62773
31088
38878
48092
16916
51703
55857
38792
39560
9279
8448
66636
37509
24380
58702
13378
24012
65822
76071
78565
59028
70116
8558
8637
70856
1962
1037
25710
10666
5282
27427
48887
2519
29342
66794
33520
11369
61855
36116
50337
32140
26242
59153
55042
17810
61138
40825
39465
25970
53899
70405
61761
28576
69701
27670
4077
67853
567
999
68451
2003
77242
49116
24135
6726
63213
38255
58226
53458
16821
2208
41808
12417
15505
3917
68060
33495
42523
52836
70136
44903
50770
63690
76684
61444
12370
62019
40541
48151
75171
15654
38021
7564
39060
12828
30482
71802
41171
37838
16810
16018
380
45925
23693
27585
45838
56997
31849
26228
28806
63158
39875
14698
34742
79520
27717
44067
45016
17383
79827
64115
63520
1451
58970
56517
4467
48122
54406
62208
50220
77363
78552
6281
77750
12938
44494
34778
60924
56691
11339
1084
52802
11284
77958
7550
73854
35437
53265
55228
6442
52357
27073
15456
47446
47254
41714
73501
41085
72831
13124
77177
47448
10238
17641
64090
74479
64435
240
51038
30240
34523
23972
6444
2883
20014
38192
40460
52419
14917
65024
34475
76098
20294
4663
5971
16851
50830
41122
47407
29141
53572
71497
59419
63779
19837
22451
26663
77401
27435
22372
26638
37511
60384
70346
75100
37265
52205
52018
24494
35175
49224
31035
4670
39905
18240
10683
58463
8561
72253
25335
37878
73735
6851
66198
75623
2105
69421
59825
39673
78940
72422
74653
17785
74835
41133
6821
8409
77916
9808
67403
67725
64291
45982
75039
38354
67665
20527
57853
23939
27759
66380
18420
41326
4666
21799
21288
25926
53011
1769
9094
37370
62467
59266
45090
79666
61720
51691
72383
41802
52136
22129
12516
41098
61567
37833
75943
12583
75385
18842
23623
19371
4713
9889
60300
51440
42528
21398
67450
37389
49316
11311
53716
78402
35558
36125
44091
66240
34154
15540
30088
33210
77491
59007
33404
5272
53828
4962
54344
28132
24517
78796
11493
37350
25185
20344
45750
43454
53982
11645
50510
53629
79456
1949
21977
45357
34694
29263
7916
23817
13188
39097
60075
66087
20277
64445
17750
28874
22296
75243
11953
14992
18951
51681
38340
9233
56761
66885
55662
74178
5557
23051
78583
79211
29047
18531
27258
65145
66501
51985
64328
30913
73822
47863
27734
2986
629
12354
25375
58016
13198
34249
46577
62552
27166
46626
62444
10138
21744
23228
64274
53345
77227
25472
30282
62498
33201
8288
26396
37013
78805
59109
35699
55404
18067
19819
4239
65235
18991
7267
20777
50236
15826
36414
12697
50668
60535
63202
61058
17058
33677
10520
74249
79907
16363
11684
1338
27745
50802
51748
361
20010
18020
69350
47529
21633
40972
19954
54301
15064
14239
61194
56877
70767
48651
73742
40082
43349
16750
346
54564
52234
78436
55934
70682
74119
26615
22172
9191
66235
14817
2867
58216
43765
29802
78233
25502
56712
13281
63575
44806
2237
36194
1925
34232
52488
16050
5106
32120
60178
750
7164
65082
46391
34569
12275
45533
12684
67350
64644
20648
14427
5497
27265
17252
59762
39831
61455
31485
33355
33658
4865
3848
55671
56692
12572
1760
477
79277
32013
33713
70219
12442
15911
28325
46734
25223
76469
19647
58062
43228
23068
63833
46245
36905
58818
66017
28189
2421
34955
73198
44970
51614
63184
133
42689
2991
79482
18375
6698
13805
52436
12884
4645
79039
6294
71494
25079
58299
33937
72644
12443
18532
46590
64061
20432
52685
4365
43366
60532
18266
52978
60266
79230
10460
7037
3713
65836
58038
58978
49534
72021
51098
55393
70206
61331
58072
627
14880
18263
14117
28818
22127
58438
59229
46232
15171
75017
21793
76646
62889
10033
29527
43465
24887
42897
29025
26151
39776
71271
41294
48497
46561
22720
44253
18412
58443
29543
11842
15154
62875
4103
10575
52430
78424
75674
53220
16245
47607
29007
71023
64993
30230
35338
37435
59636
23994
63182
42267
44651
21181
30239
3532
24815
41841
33889
61600
39918
31531
19665
46337
40543
26928
20311
3296
72942
50710
1413
62764
37234
9491
23778
38453
13957
3659
26500
49391
2339
10943
23673
1730
64410
35401
18136
32197
53045
4141
55504
6833
34092
2785
60430
79339
76902
1938
1514
34859
22681
52233
71510
37586
72336
50572
51174
72390
24342
1128
65646
75723
30890
2141
8598
67668
77653
39533
36215
65348
64838
16645
52981
42717
46693
11903
32571
32650
9934
15698
48322
8898
17913
16920
11034
29784
56128
22690
11799
47642
49299
76625
39908
54147
75970
63527
62594
68768
45630
48862
62596
49069
39622
23672
76620
27037
31963
34041
75287
74798
56417
36191
46924
39848
51664
71656
64766
27866
6601
45477
64176
69583
6594
49133
63824
50427
1337
60979
10040
17874
75664
1810
56065
28891
67737
61309
18165
17015
24245
72442
12996
40170
35533
56620
4977
78772
78536
19237
77964
47063
54304
27732
53947
44123
14951
23034
62141
4884
53809
25545
10715
27964
39493
31477
76109
25550
70423
52200
9464
2799
52558
78744
26080
46841
13237
64100
44585
40113
7375
31809
23451
28339
14895
23143
59620
64990
17481
66496
79830
77773
53821
18427
75099
29944
60065
21964
563
70292
50777
41585
3496
44562
22249
54704
52159
34802
33037
24415
64759
17286
4992
73945
60800
21911
31790
38211
9609
67754
61022
36204
79234
26899
51939
20073
4162
14322
79683
41893
43201
33630
11665
8030
36707
45240
21623
48610
15558
70966
61104
25381
42580
9530
54225
17027
63110
22297
35658
17114
4048
5559
74149
15580
40725
34709
13833
43833
70502
54923
15769
21369
29880
26850
59088
160
8080
23696
2306
51153
59473
37874
4244
22478
72375
55438
62402
25809
17017
50529
12430
79571
9194
15228
55257
36397
17894
33088
40184
823
68873
49150
15766
78520
41165
76451
25361
18185
26314
70559
77881
2368
48127
15059
25692
74399
41804
49596
20810
57224
46777
67569
37753
62746
9005
38119
65629
23998
52414
23908
73346
8527
67476
40560
45697
4822
78611
31419
11668
19771
26181
8291
34111
10682
46576
31521
39564
41803
40497
13501
19127
28117
17164
30316
2793
34051
12024
20276
46887
24112
69422
5922
55567
42667
1141
60841
