750
1
189
278
404
509
775
4
78
235
286
396
488
497
98
159
483
739
973 37
783 200
578 418
858 134
230
233
364
177
302
312
367
520
610
712
922
845
983
451
11
111
139
140
145
423
768
995 6
222
885 114
34
75
187
347
491
626
951
629
893
958 51
990 12
946 59
894 104
892 105
862 131
705 269
770 215
521 475
911 91
300
81
125
357
387
421
787
792
803
855
929 72
563 434
13
433
272
41
314
361
425
605
799
969
993 8
100
178
406
614
889
142
706
992
888
991 10
535 459
617 384
208
568 427
381
541
828 158
802
28
166
456
703 270
389
239
596
691
887
219
35
149
209
275
349
645
777
652
812
850
890
966
899
856 138
74
463
480
303
109
293
532
555
942
982 26
565
584
255
356
575
641
924
970
684 304
113
186
7
281
499
745
994
277
379
519
756
821
301
764
713
77
674 321
267
196
416
968 40
296
21
5
948
542 455
328
370
393
722
859
867
932 69
861 133
261
83
282
860
884 115
891 108
313
9
436
22
453
754
962
985 18
203
784
546
503 490
827
103
276
294
909 94
791
25
472
212
940 66
538
43
122
228
508
450
785
832 157
193
320
462
981 27
786
19
39
567
707
738
179
597
606
844
905
975
979 31
920 80
570
875
48
164
618 383
24
644
92
309
627
957 52
50
811
547 447
319
311
397
588
623
836
997
814 168
752 236
655
933
996 2
726 250
945 61
898 101
873 124
648
649
723
176
505
602
849
956 53
793 195
685 297
265
3
217
229
254
516
205
251
807
971
978
729
999 0
758 231
840 150
986
795 190
765 221
686 295
658
632 365
501 492
530
90
646
29
333
429
430
741
953 54
525 469
734
927 79
675 318
666 330
668 327
660 338
622 375
192
299
554
907
908
901 99
950
788 199
912 88
468
73
502
780
820
955
965 46
853 143
967 44
586 408
507
120
334
533
604
732
742
921
871 128
937 67
284
935
524 470
543 454
949 57
998
947 58
988 15
633 363
910 93
960 49
773 214
709 266
677
38
316
17
279
23
500
640
647
718
719
882 117
612 386
181
141
442
420
941 65
358
838 151
762 224
701 271
870
711 263
298
45
744 243
750 238
897 102
805 175
794 191
601 395
925
846 146
753 234
721 252
42
804
900
872 126
369
728
736
939
714 262
211
184
467
551
823
817 163
822
746
851
106
857 137
485
574
225
210
579 417
619 382
781 206
866 130
121
148
989
663
710 264
643 345
834 155
457
287
326
348
879 119
904 95
868 129
566 428
662 336
797 185
558 438
342
656
197
213
292
621
678
283
625 372
352
835 153
761
545 449
515
550
816 165
808 172
599 399
984 20
391
127
847 144
837 152
841 147
763 223
715 259
800 182
446
477
670 324
628 371
708
552 444
801 180
634 359
976
220
635 355
934 68
630 368
616
479
954
972
886
667
536
576
682
831
974 36
340
559
683 306
928 76
798 183
760 226
720 253
980 30
620 376
527 466
308
730
664 335
943 64
952 55
504
757
874
906
473
411
360
412
903 96
829
977 32
916 85
896
517 478
573 422
737 246
661 337
511 484
62
87
56
680
260
865
681 307
733
362
702
332
689 291
561
154
642
881 118
863
964
562 437
70
607 392
378
679
854
725
696 289
346
377
540
549
544 452
826
247
591
654
930 71
590 403
716 257
695 290
727
751 237
688
772
779
136
639
676 310
514
810 171
329
717 256
913
877
448
771
216
581 414
631 366
825 160
731 249
876 123
671
615 385
603 394
305
963
755
593
796 188
613
89
531
232
317
839
63
852
936
585 409
778
650
526
569
959
918 84
987
693
747
880
776
926
735 248
782 204
589 405
583 410
460
697 288
274
400
594
915 86
961 47
673 322
809
806 173
917
813 169
431
815
698 285
774 207
923
557
624 373
824 161
592
611
842
699 280
564 432
571 426
572 424
818 162
789 198
653 343
170
439
539
914
759 227
498 494
609 388
692
669
687
651 344
112
132
506
919 82
577 419
374
672
740 244
665 331
16
135
522 474
595 402
931
534 461
245
174
513 481
895
240
694
938
110
489
767
883 116
548 445
194
608 390
704
902 97
528 465
843
512 482
582 413
587 407
325
833 156
553 443
598 401
441
435
878
167
258
107
637 350
769 218
790
690
529 464
749 242
537 458
864
869
560
830
315
241
202
201
848
657 341
638
724
600 398
819
700 273
636 353
659 339
496 495
510 487
580 415
556
268
351
440
518 476
523 471
14
323
944
60
354
743
486
33
493
766
380
748
